[DEFAULT]
model_path=${NNMODELS_PATH}/cv18xx/alphapose_resnet50_256x192.onnx
test_input=${REGRESSION_PATH}/image/pose_256_192.jpg
input_shapes=[[1,3,256,192]]
resize_dims=256,192
excepts=404_Relu
mean=103.53,116.535,122.399
scale=0.00392,0.00392,0.00392
pixel_format=rgb

[cv18xx]
int8_sym_tolerance=0.96,0.70
bf16_tolerance=0.99,0.91

[bm1684x]
int8_sym_tolerance=0.97,0.71
int8_asym_tolerance=-0.36,-1.1
